-0.001885612 0.0004126031 -0.01311352 0.001077209 0.003226806 0.002761237 0.007988861 -0.003801431 -0.0001074594 0.004938226 -0.0005760372 0.004134849
0.0008947182 0.0007471555 0.004746987 -0.0003676806 0.0001722969 -0.0005083713 -0.001429947 0.00381069 0.002131773 -0.002448312 -0.0009009289 -0.001118199
0.001125499 -0.0004980515 0.009036876 -0.0003215045 -7.689565E-06 -0.0006697054 -0.002868088 0.004900874 0.002586019 -0.002122296 -6.077826E-05 -0.002152732
0.0009340004 -0.001038396 0.007725246 -0.0001282944 9.272749E-05 -0.0002785568 -0.002475846 0.004307268 0.002023335 -0.0004457389 0.0005796552 -0.001793699
0.0005905636 -0.001442438 0.006078995 0.0002661608 0.0004386731 2.2544E-05 -0.001126144 0.002973467 0.001728285 0.0006605082 0.001106355 -0.001211237
0.000639032 -0.0009412649 0.004088385 0.0004356985 0.0004958962 0.000301703 -0.0004995369 0.002056584 0.001025732 0.001031378 0.001120744 -0.0007534261
0.000437012 -0.0006749879 0.002338995 0.0004225531 0.0004137007 0.0003983748 -0.0002067699 0.001333956 0.0006426777 0.0009432334 0.00107125 -0.0004296728
0.0003649903 -0.0003314523 0.001308025 0.00031235 0.0002160192 0.0005157174 -7.936911E-05 0.0009362363 0.0003121222 0.0007568696 0.0007213585 -0.0004578988
0.0005316178 -0.0001507597 0.00080953 0.000275472 0.0001243094 0.0003002195 -0.0001130205 0.0004917583 0.0002244617 0.000296252 0.0004113457 -0.0001101498
0.0002368802 2.925392E-05 0.0002813336 0.0002863957 6.008525E-05 0.0003014871 4.436561E-05 0.0003538977 1.180915E-05 0.0001734289 0.0003763779 -2.13622E-05
-2.52544E-05 2.626426E-05 2.309388E-05 0.0001576201 0.0002366551 0.0001363837 -0.0001742432 0.0003535571 5.691019E-05 0.0002060738 0.0001465613 4.245399E-05
4.545805E-05 -9.504398E-05 -9.429153E-05 0.0001123229 0.0001944496 0.0001641118 2.183469E-06 0.0002483999 0.0002107325 0.0003843759 3.765281E-05 0.0002744885
-7.719921E-05 8.606189E-06 -8.902952E-05 0.0003165235 0.0004416992 0.0001065071 0.0003159722 0.0001336809 0.0001255003 0.000336418 0.0001332988 0.0002630824
3.409762E-05 0.0001668376 -6.999695E-05 0.0002384493 0.0001859029 3.334052E-05 0.0002579551 8.907569E-05 4.86337E-05 0.0002120149 0.0001092368 0.0002298228
9.639154E-05 0.0001058876 -0.0001048774 0.0002285898 3.764283E-05 0.0001173436 3.612551E-05 -4.57255E-05 0.0001492218 0.0002293076 5.309021E-05 0.0001123578
9.336104E-05 0.0002012106 -0.0003275409 0.0002088713 -9.301322E-05 0.0001124281 -1.899227E-05 -0.0001136687 1.534931E-05 0.0001150573 1.981977E-07 0.0002191945
0.0001470013 0.0002815869 -0.0002231313 5.667411E-05 -4.28312E-05 -1.188995E-06 -8.176346E-05 -0.0002585055 0.0001661368 -5.06517E-05 -0.0001079491 0.0002261026
4.348692E-05 0.0001943222 -5.535492E-05 0.0002512205 -0.0002134645 0.0001370637 -1.756967E-05 -0.0001865977 3.952253E-05 -5.617676E-05 6.359995E-05 0.0001316581
-9.739393E-05 0.0001469908 -0.0002764082 6.700919E-05 -2.86412E-05 0.0001035139 -4.014974E-05 -8.440681E-05 0.0001098532 3.417733E-05 -3.846777E-05 0.000268363
-5.642888E-05 5.7242E-05 -0.0002181241 2.526478E-05 -1.442273E-05 5.74369E-05 5.547142E-05 -4.997488E-06 7.864122E-05 3.709376E-05 3.447904E-05 0.00025342
-1.938554E-05 1.924099E-05 -2.042541E-05 4.808072E-05 3.630871E-05 4.035945E-05 0.0001454032 -4.506509E-06 8.412923E-05 6.251149E-05 9.388616E-05 0.0002037511
-5.498929E-05 1.910098E-05 -9.269972E-05 6.58113E-05 0.0001001297 6.039082E-05 0.000107544 3.772063E-05 5.73552E-05 0.0001442632 0.0001311761 0.0002373431
-0.0001463272 -2.203778E-05 -0.0001626144 5.130259E-05 0.0001756629 0.0001059927 0.0002097469 6.160999E-05 9.169577E-05 0.0002542027 0.000155841 0.0002194838
-4.031277E-05 -1.108853E-05 -4.913666E-06 9.975344E-05 0.0001753048 0.0001015016 0.000312975 1.946451E-05 9.421325E-05 0.0002112617 0.0001655851 0.0001763608
6.112727E-05 6.073182E-05 -1.35143E-05 0.0001168163 6.151687E-05 9.888525E-05 0.0002939175 -2.996543E-05 2.464443E-05 0.0001078004 0.0002053385 0.0001763423
-7.394043E-06 6.81157E-05 -6.643924E-05 8.991227E-05 7.523595E-06 0.0001138441 0.0001933869 -4.983725E-05 -1.387688E-06 8.023045E-05 0.0002221737 0.0001005652
3.381072E-05 7.85315E-05 -0.0001463761 -1.819587E-05 -3.062151E-05 0.0001090272 1.77329E-05 -5.270483E-05 3.312802E-05 8.511498E-05 0.0001084321 0.0001350328
2.852516E-05 9.728415E-05 -0.0002434314 -5.779064E-05 1.968566E-05 0.0001090283 -1.181271E-05 -5.262741E-05 6.289794E-05 7.649993E-05 5.356735E-05 0.0001874227
-5.508593E-05 0.0001117192 -0.0001832056 -1.672925E-05 6.942509E-05 0.0001083404 8.682118E-05 1.69491E-05 3.570857E-05 5.701948E-05 6.277637E-05 0.000147072
-5.468922E-05 9.177634E-06 2.762769E-05 5.804933E-05 9.304254E-05 0.0001068302 0.0002415374 4.364637E-05 9.044346E-05 7.463201E-05 0.0001094248 0.000157515
-6.711055E-05 1.124675E-06 -7.544962E-05 7.474866E-05 0.0001115889 0.0001019275 0.0002624989 0.0001160477 3.401465E-06 0.0001182162 0.0001666023 0.0001929619
-6.293415E-05 -7.974098E-06 -0.0001499165 -2.792769E-05 0.0001322459 2.825187E-05 0.0001703876 0.0001070198 2.26616E-05 0.000148633 0.0001514277 0.0001873386
3.855964E-05 4.501621E-05 -0.000180253 -7.655298E-05 0.0001032696 4.329037E-05 -7.254523E-06 6.681121E-05 6.492723E-05 0.0001985618 5.295155E-05 0.0001553765
-2.259892E-05 6.37928E-06 -7.619688E-05 9.190226E-05 0.000152934 0.0001098757 0.0001890813 -3.617219E-05 0.000123834 0.0002138438 0.0001168235 0.0001971973
-5.934945E-05 0.0001491614 -0.0001446831 0.0001081607 0.0001796817 0.0001233507 0.0002564063 1.60812E-05 4.358387E-05 0.0001577395 9.184423E-05 0.000176675
3.978132E-06 7.102932E-05 -4.713096E-05 0.0001050033 2.35392E-05 9.295026E-05 0.0002426089 5.652189E-06 5.143215E-05 6.171186E-05 0.0001377157 0.0001324319
7.88232E-05 0.0001136974 -0.000162967 1.608419E-05 -7.451838E-05 9.015543E-05 4.738156E-05 1.597027E-05 -1.003652E-05 4.043211E-05 6.472573E-05 0.0001098443
6.842034E-05 0.0001174496 -0.0002714917 -7.390807E-05 -2.98437E-05 1.718672E-06 -0.0001349923 -3.326159E-05 3.991965E-05 1.050653E-05 -6.015963E-06 0.0002028461
-4.784927E-05 5.600547E-05 -0.0001147618 1.867018E-05 5.574648E-05 8.791297E-05 4.951214E-05 -5.496058E-05 0.0001260744 0.0001233521 3.945253E-05 0.0001806309
-0.0001149549 6.700376E-05 -0.0001060932 0.0001136611 0.0001891763 0.0001082307 0.00017162 2.723836E-05 9.563889E-05 0.0001628791 6.457578E-05 0.0002326255
-9.04476E-05 6.768922E-05 -0.0002129181 3.936191E-05 0.0001295673 9.350366E-05 0.0002440338 0.0001086336 5.704681E-05 0.0001583171 8.788559E-05 0.0002296456
1.485375E-05 4.723463E-05 -8.944973E-05 3.209929E-05 5.906464E-05 4.573458E-05 0.0001558019 8.921971E-05 3.538388E-05 9.562483E-05 8.254881E-05 0.0001033542
0.0001194285 7.74622E-05 -0.0001188515 7.75374E-06 -2.799288E-05 1.833278E-05 1.463045E-05 9.114035E-06 3.755067E-05 6.825607E-05 3.968256E-05 0.0001911157
-3.357448E-05 9.99398E-05 -0.0002329622 2.64441E-05 0.0001022884 5.114544E-05 -2.746161E-06 -2.66058E-05 8.503493E-05 0.0001408081 3.847192E-05 0.0002015652
-0.0001084156 4.672778E-05 -8.597181E-05 0.0001215523 0.0001254227 0.0001041505 0.0001889897 -1.834666E-05 0.0001137773 0.0001869863 8.551184E-05 0.0001936657
-1.091363E-05 7.461087E-05 -6.448934E-05 0.0001227453 0.0001250211 0.0001077641 0.0002594421 -1.803982E-05 0.0001116921 0.0001468537 8.325149E-05 0.00021947
-2.750059E-05 -9.390953E-06 8.658195E-05 0.0002372607 6.975944E-06 0.0001153078 0.0004348576 -6.607189E-05 1.89564E-05 6.022386E-05 0.0002926936 0.0001587956
7.869162E-06 -5.222873E-05 0.0002647522 0.0002111215 -1.765122E-05 0.0001107161 0.0004280482 -0.0001676287 3.97356E-05 5.459669E-05 0.0003604236 0.0001279303
2.833702E-05 -3.063732E-06 -3.312339E-05 7.797269E-05 -4.786767E-05 0.0001361789 0.0001423402 -0.0001702969 -1.880476E-05 9.965288E-05 0.0003521121 0.0002039065
-0.0001158551 -6.907133E-05 -6.642291E-05 9.221922E-06 3.568906E-05 0.0002179947 0.0002401641 -0.0002062797 6.742804E-05 0.000186121 0.0003756896 0.0001476838
-1.232897E-05 2.641478E-05 4.592118E-05 -2.213582E-06 8.03923E-05 0.0002404934 0.0002612842 -0.0001486275 3.568425E-05 0.0001072736 0.0002912083 0.0001067232
2.387291E-06 5.762146E-05 -9.204643E-05 -5.742287E-05 6.204546E-06 0.0002361256 0.0002603491 -2.843079E-05 -4.291923E-05 1.038719E-06 0.0002973407 0.0001277919
-0.0001154451 -5.584568E-05 4.95012E-05 -4.847941E-05 3.116089E-05 0.0002228064 0.0003514463 8.342725E-05 -6.511262E-05 -9.13068E-07 0.0003370896 -1.639923E-05
1.715196E-05 -0.0001059282 0.000101452 -0.000119685 5.881508E-05 0.0001191827 0.0002393427 0.0001271473 -4.154682E-05 1.863648E-05 0.0002599426 0.0001138567
-8.085547E-05 -0.0001018031 -0.0001507712 -0.0001652652 0.0002028126 0.0001050279 0.0001823432 0.00016888 -3.332332E-05 0.0001651867 0.0002751876 0.0001823197
-0.0002140984 -0.0001554815 -4.791936E-08 -6.856733E-05 0.0003461947 0.0001295583 0.0003409643 0.0001793075 3.507567E-05 0.0003117437 0.0003004389 0.0001032192
-2.345289E-05 -4.257404E-05 -3.899985E-05 -6.790776E-05 0.0003516176 0.0001419757 0.0003120537 0.0001738287 7.994355E-05 0.0003350393 0.0001667663 0.0001748769
-3.471803E-05 4.368735E-05 -0.0002116647 1.022537E-05 0.0002488009 0.0001508435 0.0003397129 0.0001748747 -2.833312E-05 0.0002317722 0.0002096117 0.0001155795
5.481783E-05 0.0001239145 -0.000105518 -4.708794E-05 9.75787E-05 7.689466E-05 0.0001900543 0.0001286018 -1.923229E-05 9.328777E-05 7.407083E-05 1.827563E-06
0.0001835821 3.744631E-05 6.986358E-05 6.691039E-05 -3.508128E-05 7.063178E-05 0.000128347 -3.983479E-05 7.053978E-05 2.275787E-05 8.094039E-05 0.000106091
-2.888884E-05 0.0001538168 -0.0002802046 5.366516E-05 5.359854E-05 9.020219E-05 5.258609E-05 -1.058106E-07 -3.683065E-05 7.57116E-05 8.304792E-05 0.0001866549
-8.413098E-05 0.0001062172 -0.0002618792 -7.498699E-05 0.0001071111 2.242869E-05 -4.162872E-05 1.327366E-05 0.0001015637 0.0001172783 -1.223476E-05 0.0001791803
2.044405E-05 -6.26801E-06 1.357807E-05 9.65148E-05 5.182941E-05 0.0001398822 0.0001853608 -4.187432E-05 0.0001633117 0.0001755722 5.625638E-05 0.0001720616
-5.866726E-05 6.313568E-05 -3.033688E-05 0.0002134685 0.0001517241 0.0001076736 0.0003752459 -3.842231E-05 2.905061E-05 8.868225E-05 0.0001857104 0.0002458774
-5.813199E-05 5.639446E-05 -6.9618E-06 9.180365E-05 4.181508E-05 6.881827E-05 0.0003123251 -1.336575E-05 1.514035E-05 6.47093E-05 0.0002345214 0.0001528598
3.464573E-05 -3.473968E-05 1.648948E-05 6.052345E-05 -4.603004E-05 0.0001229758 0.0001065297 -5.036436E-05 4.89932E-05 0.000130842 0.0002104596 9.88297E-05
-3.940027E-06 -6.705293E-05 4.239065E-06 0.0001068109 3.50772E-05 0.0001505469 0.000283785 -0.0001700166 7.38879E-05 0.0001455052 0.0002786404 0.0002372817
-8.245859E-05 4.942972E-06 0.0001373705 0.0001489799 0.0001513448 0.0001634606 0.000450566 -0.0001903996 4.853554E-05 0.0001016547 0.00037664 0.0001664137
-4.282369E-05 6.710986E-05 -6.890647E-05 1.015611E-05 3.579936E-07 0.00020658 0.0001889336 -2.876436E-05 -5.34732E-05 9.69694E-05 0.0003179861 0.0001018628
-8.083381E-07 8.089777E-05 -0.0004261317 -0.0002571918 -2.286093E-05 0.0001852033 -0.0001183868 8.303601E-05 -1.564087E-05 0.0001086661 8.038738E-05 8.449403E-05
8.345384E-05 0.0001032448 -0.0003003506 -0.0002601377 1.047464E-05 9.112133E-05 -0.0001082805 9.900387E-05 7.809723E-06 -1.033463E-05 -5.122312E-05 8.507402E-05
5.32662E-05 0.0001749806 -0.0002240534 -0.0001884194 0.0001140502 2.881369E-05 -8.947395E-05 0.0001827947 2.35787E-05 -3.859431E-05 -0.0001236394 0.0001425805
-0.0002047941 1.145762E-05 -0.0001888654 -1.054569E-05 0.0002333272 6.054724E-05 0.0001171884 0.0003292307 4.936962E-05 0.0001434498 -1.813357E-05 0.0001618997
-0.0001924224 -7.980488E-05 -0.0001296995 2.409991E-05 0.0003578992 6.996282E-06 0.0002934513 0.0003707155 0.0001110407 0.0003041893 -2.806419E-05 0.00023483
3.644523E-05 2.016278E-05 -0.0002151153 1.508642E-05 0.0003028113 -0.0001005733 0.0001796066 0.0002723437 7.376572E-05 0.0002755136 -2.896781E-05 0.0002898864
3.779669E-05 6.920873E-05 -0.0001470618 0.0001222004 0.0001787044 -5.038913E-05 0.0001385268 7.170499E-05 9.869786E-05 0.0002859631 4.048893E-05 0.0001749303
6.384317E-05 0.0001641361 -0.0001291213 0.0002065343 0.0001255819 3.513561E-05 3.745747E-05 -9.510374E-05 0.0001597002 0.0002767611 -4.176909E-05 0.0001815384
7.989562E-05 0.0002784282 -0.0003494573 0.0001938194 7.807239E-06 8.824342E-05 1.588981E-05 -0.0001676925 0.0001298623 0.0001544625 -8.13341E-05 0.0002593947
8.220334E-05 0.000366719 -0.0003693114 0.0001122225 -0.0001382854 6.102778E-05 -8.416304E-05 -0.0001491102 5.724244E-05 -5.245312E-05 -0.0001375344 0.0001232656
0.0001813089 0.0002189571 -4.134246E-05 0.0001435015 -0.0003182479 3.505244E-05 -9.03229E-05 -0.0002167187 0.0001107453 -0.0001912364 -0.0001074396 0.0001345461
4.355877E-05 0.0001834136 -0.0001872639 0.0001290524 -0.0001991647 4.678985E-05 -0.0001147029 -0.0001557779 5.233209E-05 -0.0001272574 -4.603764E-05 0.0002584943
-0.0001983384 1.861499E-05 -0.0001677897 8.598461E-05 3.825891E-06 1.7312E-05 4.188452E-05 -7.276952E-05 0.0001002358 3.276981E-05 8.671301E-05 0.0003025732
-0.0001268427 -2.102326E-05 -0.0001009828 1.118622E-05 0.000126474 6.534696E-05 8.146233E-05 1.658223E-05 0.0001572366 0.0002193335 6.245301E-05 0.0002732868
-9.298683E-05 -4.807689E-05 -0.0001257844 9.576618E-05 0.0001772088 9.7915E-05 0.0002382894 3.253238E-05 0.0001043475 0.0002438082 0.000174185 0.0002945559
-7.636406E-05 6.689754E-05 -0.0001258019 5.101875E-05 0.0001744151 9.83662E-05 0.000298361 6.08826E-05 4.169353E-05 0.0001964955 0.0001633636 0.0001674472
7.706708E-05 9.728195E-05 -0.0001022397 1.33143E-05 3.126166E-05 6.394284E-05 7.148439E-05 5.297581E-05 2.967988E-05 9.252516E-05 8.725679E-05 0.0001128983
3.966308E-05 4.458565E-05 -0.0001242744 5.582921E-05 -2.639516E-05 0.0001200559 0.0001309666 -1.005187E-05 5.007148E-05 0.0001020511 0.0001068813 0.0001406346
-3.73601E-05 3.798646E-05 2.042073E-05 0.0001367128 0.0001002348 7.527696E-05 0.0002562448 -6.670616E-05 5.777827E-05 6.072895E-05 0.0001575772 0.0001673478
-1.490247E-05 4.328989E-05 -2.495985E-06 9.858143E-05 3.809042E-05 8.872648E-05 0.0002376726 -4.912085E-05 4.06805E-05 8.668547E-05 0.0002037927 0.0002104235
-8.402437E-05 2.587259E-05 -0.0001787548 2.671729E-05 7.097804E-05 0.0001275679 0.000109883 1.591213E-06 3.108541E-05 0.0001668277 0.0001881226 0.0001505965
6.435899E-06 7.178426E-05 -0.0002556865 -9.109481E-05 4.026814E-05 9.68327E-05 1.187452E-05 1.496733E-05 4.408525E-05 0.0001429416 6.215996E-05 0.0001740612
6.959735E-05 0.0001175269 -0.0001828477 -6.846856E-05 6.920156E-05 8.478577E-05 2.347543E-05 -1.645575E-05 8.71692E-05 6.977141E-05 1.1561E-05 0.0001574297
-4.317709E-05 0.0001232088 -0.0001454441 4.740025E-05 5.388107E-05 0.0001130108 0.0001181134 6.957475E-05 4.463179E-06 4.699564E-05 6.534993E-05 0.0001292039
-8.133605E-05 2.86183E-05 -7.223892E-05 3.321457E-05 0.0001172552 7.675101E-05 0.000194195 0.0001022942 8.628063E-05 9.417302E-05 5.211675E-05 0.0001684264
-4.644555E-05 -6.427789E-05 3.452337E-05 0.0001323429 0.0001032345 7.243804E-05 0.0003308236 7.980761E-05 4.84309E-05 0.0001315244 0.0001824154 0.0001982078
-2.352479E-05 2.966366E-05 -0.0001189436 3.089297E-05 0.0001442041 1.416754E-05 0.0001827581 5.248456E-05 1.673648E-05 0.0001581382 0.0001604185 0.000221347
-5.75394E-05 -0.0001438227 0.0001999977 0.0001934298 0.0001126138 0.0001080323 0.0003984678 -0.0001300874 0.0001435904 0.0002360514 0.0003380756 0.0001661937
-6.710765E-05 -9.199252E-05 0.0003031084 0.0003458381 0.000162999 0.0002357814 0.0006246741 -0.0002231996 8.151172E-05 0.0002567586 0.0004587781 0.0001835796
1.384723E-05 0.0002162724 -0.0003633955 -3.195952E-05 4.642041E-05 0.0001513865 0.0001106105 -8.023349E-05 -0.0001057273 0.0001000669 0.0002742911 0.0002016558
6.991403E-05 9.15672E-05 -0.0002663259 -0.0002079976 -0.0001989803 0.0001907346 -9.352638E-05 -9.637385E-05 2.302532E-05 2.730901E-05 0.0001461951 -5.252256E-05
0.0001540261 -3.834913E-05 0.0003105555 9.434883E-05 -0.000123701 0.000234474 0.0002392551 -0.0002304302 9.183872E-05 -8.224152E-05 0.0001800415 3.682054E-05
-7.667983E-05 6.163913E-05 7.19485E-05 0.000133713 8.883529E-05 0.0001660466 0.0004540101 -8.980248E-05 -7.685367E-05 -0.0001237495 0.000357052 0.0002868593
-0.0003483517 -7.113719E-05 -0.0001214284 -0.0001008751 0.0001406231 0.0001494626 0.0002732495 0.0002135994 -9.929364E-05 0.0001059455 0.0003969346 5.240201E-05
-8.065883E-06 -0.0001715316 -0.0002128004 -0.000352088 9.831123E-05 0.0001140336 -0.0001103639 0.000278534 5.036744E-05 0.0002948189 7.774108E-05 0.0001092803
4.757538E-05 -0.0001812538 -3.167963E-05 -7.778006E-05 0.0003093187 0.0001099244 0.0003574407 3.790585E-05 0.0001306168 0.0002580529 0.0002096458 0.0002700568
-0.0001537779 0.0001287513 4.02976E-05 9.803213E-05 0.0004157194 0.0001044679 0.0005045512 0.0001414167 -8.106062E-05 0.0001679434 0.0002941529 9.304767E-05
-6.618167E-05 5.632809E-05 -0.0001552627 -7.471825E-05 0.0001634519 0.0001272969 0.0001062537 0.0002630341 3.120596E-05 0.0002407391 0.0001113592 5.87621E-05
3.700374E-05 1.879478E-05 -0.0004320611 -0.0001116888 6.599756E-05 0.0001646666 1.754846E-05 0.0002393392 1.895909E-05 0.0002619787 -3.903835E-05 7.95485E-05
0.000190591 0.0001507149 -0.000123003 -4.416277E-05 0.0001124834 -8.581994E-05 0.0001245269 -3.99195E-08 4.535746E-05 -5.083212E-05 -7.583629E-05 0.0001836437
8.325776E-05 4.956588E-05 0.0003821986 0.0002905299 1.321862E-05 3.821955E-05 0.0003695311 -0.0001632465 0.0001087387 -1.853758E-05 0.0002156729 0.0001204451
-0.0002483176 4.388483E-05 -0.0001427675 0.00026946 0.0001287917 0.0001789518 0.0001752619 2.474424E-05 -1.231961E-05 0.0002546655 0.0002373478 0.0002031966
-0.0001118879 2.684483E-05 -0.0005002613 -0.0001407069 0.0001271207 7.340491E-05 3.038254E-05 2.853307E-05 0.000129865 0.0002937246 2.132938E-05 0.0003037572
0.0002617585 0.0002564179 -0.0003675343 -0.0001916338 -3.079828E-05 2.119471E-05 -0.0002204366 -3.599425E-05 5.464225E-05 4.384454E-05 -0.000145583 9.63037E-05
0.0001356153 0.0001298312 0.0001088603 0.0001669799 -0.0001203901 8.920768E-05 0.000111889 -0.0001881293 0.0001039394 -9.622318E-05 5.579055E-05 0.0001206861
-0.0001859242 9.86536E-05 7.547632E-05 0.0002814745 0.0001011486 0.0001893691 0.0003482891 -3.990189E-05 6.082968E-05 4.676454E-05 0.0001462601 0.0001647887
-0.0001668412 3.564666E-05 -0.0003058883 1.612163E-05 6.915221E-05 5.079281E-05 0.0001337641 0.0001691352 -2.731036E-05 8.941741E-05 0.0001205253 0.0002790716
1.336014E-05 -0.0001430911 -3.47271E-06 -5.745577E-05 1.625549E-05 3.586234E-05 0.0002233257 1.496573E-05 0.0001303977 0.000162649 0.0001666295 0.00014935
0.0001097081 -3.642057E-06 0.0001198217 0.0001236189 9.210739E-05 4.132188E-05 0.0001565754 -0.0001044961 2.439213E-05 0.0001184249 0.0002188134 0.0002011893
-0.0001019147 0.0001557907 -0.0003779294 -5.083213E-05 0.0001672138 0.0001072807 9.696461E-06 -2.714303E-05 4.776809E-05 0.0002273873 0.000134329 0.0002740284
-0.0001759738 0.0001069887 -0.0003665375 -6.674806E-05 0.0001647224 0.0001975721 -3.62088E-06 0.0001155852 9.316811E-05 0.0002741282 5.397976E-06 3.837165E-05
0.0001820522 0.0001759835 -0.000248679 -9.237299E-05 5.181424E-07 9.07732E-05 2.778255E-05 0.0001083856 7.742656E-05 2.993641E-05 -0.0001752908 0.0001717812
0.0001376382 0.0002398773 -0.0002272073 -1.623779E-06 -1.749808E-05 -1.986957E-05 4.29177E-05 9.747459E-05 -2.719477E-05 -0.0001651341 -7.645351E-05 0.0001383053
-8.109443E-05 9.997992E-05 -9.343428E-05 4.546887E-05 -3.986922E-05 -3.964558E-05 -4.780984E-05 0.0001702583 -1.337481E-05 -2.722247E-05 -2.458832E-05 8.909192E-05
-9.527244E-05 -0.0001444599 -3.724078E-06 9.63656E-05 0.0001777335 7.724781E-06 9.501332E-05 5.352508E-05 0.0002550582 0.000281412 -1.530473E-05 0.0003231005
-0.0001654854 1.053689E-06 -0.0002492438 0.0001980812 0.0003401951 3.906272E-05 0.0003277308 5.57705E-05 8.027825E-05 0.0003567881 0.0001428312 0.0003943291
-5.601977E-05 0.0001213969 -0.0001302068 8.313286E-05 0.0002332111 -7.848198E-06 0.0002542242 -1.698238E-05 0.0001240816 0.0002551536 0.0001136348 0.000202049
0.0001494853 6.589566E-05 9.289685E-05 0.0002371541 -8.473975E-05 0.0001686592 0.0001919745 -0.0001444966 0.0001223661 0.0001849791 0.0001479148 6.829865E-05
0.0001088912 0.0002762609 -0.0003792356 0.0001026701 -9.379621E-05 0.0001264539 -1.793278E-05 -0.0001435299 -2.909192E-05 8.851347E-06 2.017325E-05 0.0002048183
6.415737E-05 0.0002228791 -0.0002198695 -2.651109E-05 -0.0001684095 3.581589E-05 -5.32313E-05 -0.0001776602 5.816072E-05 -0.0001381651 1.832685E-06 0.0001165038
6.484039E-05 6.287348E-05 0.0001313131 0.0001284104 -0.0001888768 0.0001337032 2.67782E-05 -0.0001612572 9.130254E-05 -7.623211E-05 7.102526E-05 9.221667E-05
-0.0001303558 1.474331E-05 -0.000152274 0.0001026432 4.334007E-05 0.0001150347 0.0001529078 -4.870903E-05 3.970175E-05 3.952271E-05 0.0001558419 0.000337699
-0.00024481 -5.893248E-05 -0.0001110655 -4.832661E-06 0.0001845236 8.310127E-05 0.000305994 6.319092E-05 5.974947E-05 0.000162207 0.0002418556 0.0002172254
5.490273E-06 -2.371715E-05 -7.489198E-05 -8.855633E-05 0.0001121392 7.327687E-05 6.821132E-05 0.0001271065 4.397212E-05 0.0002013605 0.0001299722 0.0001540197
-5.745219E-06 -6.196868E-05 -0.0001245614 -2.105175E-06 0.0001418917 0.0001263542 0.0002165732 3.584963E-05 8.732921E-05 0.0002279214 0.0001861054 0.0002163905
-0.0001048185 4.294261E-05 -1.836034E-06 0.0001067369 0.0002392557 0.000128084 0.0003843659 4.081112E-05 1.684333E-05 0.000172893 0.0002218828 0.0001104537
6.521119E-05 0.0001620443 -0.0002214638 -7.635154E-05 7.185351E-05 6.401791E-05 2.301787E-05 0.0001214493 -6.408809E-06 9.660183E-05 4.511162E-05 0.0001494501
1.419245E-05 7.90285E-05 -0.0003561359 -9.28348E-05 -2.998141E-06 0.0001097851 -5.845194E-05 0.000115537 3.502949E-05 0.0001314119 -2.189501E-07 8.638216E-05
2.02757E-05 2.156051E-05 4.145403E-05 8.460661E-05 8.926183E-05 4.953213E-05 0.0002159491 -1.504647E-05 9.881325E-05 5.748754E-05 3.054711E-05 0.0001434344
3.01432E-05 5.345352E-05 0.0001376656 0.0001984177 0.0001221666 4.652225E-05 0.0003506746 -6.7579E-05 8.283908E-05 4.586805E-05 0.0001691266 0.0002628197
-0.000195077 5.566442E-05 -0.0002210451 0.0001219651 0.0001078418 0.0001110634 0.0001827071 8.298367E-05 -4.006006E-05 0.0001909851 0.0002424936 0.0001661613
-1.329672E-06 8.913149E-05 -0.0004406699 -0.0002158359 5.48687E-05 4.243365E-05 -0.0001997071 0.0001001995 8.897576E-05 0.0002385767 -7.919807E-05 0.0001671978
0.0001825441 5.349751E-05 -0.0001234297 -1.038466E-05 2.230717E-05 7.373853E-05 3.025182E-05 -0.0001090746 0.0001762304 0.0001114619 -3.689861E-05 0.000194873
3.106306E-05 0.0004120792 -0.000437387 -1.100489E-05 8.644049E-05 4.367055E-05 -0.0001258255 6.762794E-05 -7.024031E-05 -2.450383E-05 -0.00013375 0.0001712595
-7.635597E-05 0.0002341963 -0.000480261 -0.0001548876 -2.431273E-06 -9.983194E-07 -0.0002993873 0.0002070091 0.0001106493 3.012336E-05 -0.0002648746 0.0001319086
4.095788E-05 0.0002134479 -0.0005865853 -0.0001659013 9.407819E-06 8.686695E-06 -0.0003902119 0.0003374159 9.928352E-05 0.0001255158 -0.0004723697 0.0001622872
9.430026E-05 0.0002773541 -0.0006166584 -0.0001427476 0.0001537791 -0.0002444595 -0.0003433713 0.0002808357 0.000124621 -8.673376E-06 -0.0005224688 0.0003853009
-2.786205E-05 0.0002893284 -0.000407359 1.274459E-05 0.0001675369 -0.0002053454 -0.0002592802 0.0002946407 0.0001715433 0.0001297724 -0.0004588856 0.0002330826
-0.0001033416 0.0001586639 -0.0003619589 0.00022676 0.000231386 -0.0001482473 -0.0002228521 0.0002733174 0.0002577027 0.0003251691 -0.0004418661 0.000336371
-3.192723E-05 0.000259707 -0.0006226272 0.0001965618 0.0002441382 -0.0001532549 -7.61786E-05 0.0001806637 0.0002673429 0.0003691182 -0.0004705972 0.0004783827
0.0001417257 0.0004643558 -0.0005837536 0.000192495 7.100695E-05 -0.0002588854 -0.0002989572 5.682901E-05 0.0001731565 0.0001279003 -0.0005009305 0.0002921901
0.0002693053 0.0003902348 -0.0002649706 0.0003220752 -0.0002799607 -0.0001561696 -0.0003393388 -0.0001960764 0.0002758803 3.349845E-05 -0.0004609984 0.0002490124
5.439258E-05 0.0002377384 5.22471E-06 0.0006666728 -0.0001647392 -7.314458E-06 7.207567E-05 -0.0004348102 0.0003107779 2.882143E-05 -0.0001880582 0.0003491918
-7.923129E-05 0.0002333344 3.691234E-05 0.0006585426 -0.0001773578 -5.431893E-06 0.00035817 -0.0004674509 0.0001557418 -4.854772E-05 0.0001051755 0.0004511596
-2.849629E-05 2.793195E-05 0.0002688395 0.0005143046 -0.0003003216 6.627921E-05 0.0003455512 -0.0005588821 0.0001923665 -2.627998E-05 0.0003595586 0.0002823251
4.009853E-05 -3.220961E-05 0.0001568689 0.0003778166 -0.0004173727 0.0002124802 0.0001862707 -0.0005805403 4.081111E-05 1.83048E-05 0.0004944662 0.0002561798
-2.423758E-05 -3.408195E-05 6.890464E-05 0.000129987 -0.0002171935 0.0002402435 0.0002237171 -0.0006459284 0.0001090531 -7.978554E-06 0.0005258095 0.0002912194
-0.0001033669 -1.510251E-05 0.0001820649 8.562041E-05 -0.0001815365 0.0003834575 0.00033578 -0.0004469932 -2.607297E-05 -4.059487E-05 0.0006232699 9.207633E-05
-0.0001454822 -0.000107025 0.0001440694 -7.939506E-05 -9.402424E-05 0.0004112193 0.0003831871 -0.0001786447 -5.445066E-05 -5.151726E-05 0.0005847653 6.993795E-05
-0.000150966 -0.0002062002 9.39267E-05 -0.0002147016 -2.557593E-06 0.0003609004 0.0004724043 9.609645E-05 -0.0001549918 -5.151438E-05 0.0005908391 2.495957E-05
-0.0001137271 -0.0002870546 0.0002027465 -0.0003155423 0.0001463517 0.0002076739 0.0004568534 0.0002507077 -0.0001681547 -2.095868E-05 0.000571023 1.265041E-05
-9.854453E-05 -0.0001814767 -0.0001777134 -0.0005141814 0.0003065017 0.0001357906 6.567196E-05 0.0004655207 -0.0001731232 0.0001947586 0.0003492544 6.112528E-05
-0.0002659709 -0.000305045 -0.0001984267 -0.0003999327 0.0005565814 0.0001621192 0.0002306786 0.0005036193 2.289609E-05 0.0004664651 0.0002727722 7.781135E-05
-0.000140837 -7.940806E-05 -0.0001748272 -0.0002541141 0.0007039703 0.0001376472 0.0004056757 0.0005572112 2.63452E-05 0.0004984664 7.21037E-05 9.968015E-05
3.127783E-05 0.000108305 -0.0003071853 -0.0001593967 0.0005151051 1.61253E-05 0.0003056412 0.0005469012 -3.462447E-05 0.0002992201 -1.76187E-05 9.975655E-05
8.074302E-05 0.0001614803 -0.0002817254 -7.211618E-05 0.0002188199 -1.595662E-07 0.0001222533 0.0004565612 -3.728925E-05 0.0002185727 -0.0001278197 -6.805272E-05
0.0002415177 0.000170736 -0.0001949043 3.064191E-05 9.848058E-05 -0.0001150689 -0.0001107182 0.0001788385 9.456313E-05 0.0001127778 -0.0002831793 0.0001202917
0.0001254332 0.0002448614 -0.0003105341 0.0001712317 7.966343E-05 -8.467185E-05 -4.939351E-05 -4.068542E-05 0.0001312924 0.0001267171 -0.0002120539 0.0002835688
-6.936085E-05 0.0002837747 -0.0002866815 0.000250749 0.0001182493 -4.983701E-05 -6.335865E-05 -0.000101845 0.0001598218 0.0001604742 -0.0001760826 0.0002275216
7.341905E-05 0.0002753879 -0.0003352349 0.0001776003 -7.081418E-05 1.890985E-05 -0.0001491474 -0.0001406532 0.0002217287 0.0001591264 -0.0002549436 0.0002914211
7.435497E-05 0.0002285462 -0.0002328237 0.0002912717 -0.0001138284 5.236431E-05 4.702014E-05 -0.0002464693 0.0001774702 2.018887E-05 -0.0001160876 0.0002609922
0.0001058659 0.0003266143 -0.0001597669 0.0002148228 -0.0002268286 -1.558404E-05 -2.912954E-05 -0.0002307625 4.559268E-05 -0.0001566059 -8.195626E-05 0.0002272492
4.770025E-05 0.0001080158 -8.31776E-06 0.0001926745 -0.0002532724 3.421348E-05 -6.573589E-05 -0.0002729032 0.000163669 -8.735093E-05 3.115092E-05 0.0002262156
-0.0001148612 9.418352E-05 -0.0002729712 0.0001276367 -0.0001072968 0.0001181954 -7.412158E-05 -0.0001243454 5.165987E-05 8.15711E-05 5.686584E-05 0.0002810691
-0.000105392 3.975258E-05 -0.0002290657 -2.83728E-05 8.118284E-05 2.593289E-05 3.686967E-05 -0.0001048012 0.0001708313 9.828432E-05 3.803963E-05 0.0003375516
-4.633832E-05 2.206977E-05 9.754773E-06 0.0001000912 4.14938E-05 0.0001353352 0.000225082 -2.649379E-05 8.531623E-05 0.0001241116 0.0001658726 0.0001715584
-8.92524E-05 5.541416E-07 -2.13325E-05 0.0001184131 0.0001027983 0.000117533 0.0002730639 3.393782E-05 3.577903E-05 0.0001126635 0.0002090948 0.0002046767
-5.09735E-05 3.996551E-05 -0.0002025127 -4.198504E-05 7.490456E-05 9.153645E-05 0.0001589804 0.0001096942 4.304848E-06 0.0001364214 0.0001473341 0.0001737417
2.930761E-05 5.180852E-05 -0.0002309346 -0.0001076459 5.910548E-05 3.800196E-05 -4.019079E-05 0.0001058096 2.110955E-05 0.0001155351 5.190752E-05 0.0001261097
3.220972E-05 3.191087E-05 -0.0001139769 -2.202486E-05 8.24752E-05 7.050978E-05 7.732856E-05 2.71187E-05 9.700603E-05 0.0001429819 4.16384E-05 0.0001774658
-9.656382E-05 2.450706E-05 1.859697E-05 0.0001704308 0.0002196286 0.0001055332 0.0003272965 9.574122E-06 9.01299E-05 0.0001584784 0.0001526454 0.0001910794
-9.268811E-05 8.166471E-05 -0.0001318987 9.691273E-05 0.0001437884 9.201865E-05 0.0002770213 0.0001048793 7.656156E-06 0.0001604502 0.0001504772 0.0001956284
2.56072E-05 6.554397E-05 -0.0002425292 -4.817016E-05 4.289914E-05 5.185092E-05 3.55829E-05 8.75742E-05 4.567278E-05 0.0001448679 5.379658E-05 0.000131742
0.0001160797 8.368993E-05 -0.0001754634 -1.474798E-05 -3.045492E-05 4.56909E-05 -1.63966E-05 -2.034852E-05 5.197452E-05 8.893955E-05 1.347175E-05 0.0001478523
3.286334E-05 0.0001129697 -6.024665E-05 8.987944E-05 8.201438E-05 5.417317E-05 0.0001049551 -0.0001152164 0.000113892 6.515849E-05 4.684077E-05 0.0002063327
-0.0001283925 6.61461E-05 -1.808799E-05 0.0002069759 9.312938E-05 0.0001404679 0.0002821037 -4.460552E-05 6.526126E-05 0.000124871 0.0001776065 0.0001869424
