0.01629014 0.04370303 0.04788896 0.02081374 0.05204962 0.00145873 0.0301943 0.073811 0.03433014 0.04530625 -0.001201143 0.01335303
0.0987813 0.08557928 0.05971696 0.09327148 0.06278414 0.05258667 0.08296694 0.039166 0.0174479 -0.01069398 -0.03229349 -0.03329609
0.02325746 0.002797482 0.02164296 0.02786877 0.001538125 0.01720466 -0.01229971 0.02336588 -0.04025929 -0.08856197 -0.07409937 -0.009724542
0.02069253 0.02008339 0.02202541 0.02040179 0.02124109 -0.02113447 0.0339892 0.01737328 -0.04710675 -0.05279374 0.01576212 0.009315272
-0.07228632 -0.09498785 -0.09798858 -0.07694055 -0.1285187 -0.08724909 -0.09065815 -0.1111672 -0.1478231 -0.09096199 -0.114943 -0.04141411
-0.02541534 -0.03396637 -0.007851437 -0.05990558 -0.02258031 -0.01586146 -0.04517844 -0.06337074 -0.02133385 -0.03894532 0.006374185 0.01975157
0.05004653 0.07253661 0.01719299 0.06797287 0.06332414 0.04330973 0.02787341 0.063921 0.01418481 0.07347706 0.06711474 0.05884632
0.02177733 -0.05635248 0.01330929 0.009728526 -0.01470065 -0.04171171 0.00320625 -0.0353611 0.03993448 0.01262627 -0.003938152 0.04219335
-0.05761804 -0.01665709 -0.009869888 -0.02963275 -0.05547023 -0.02567983 -0.05018897 0.04078638 0.01004988 -0.01458552 0.01847387 0.03707942
0.006182311 -0.009489799 -0.02259864 -0.04564623 -0.01957979 -0.05464086 0.03677721 0.01097038 -0.02808264 0.01520941 0.01048174 0.0003418922
0.0125506 -0.01037934 -0.02923319 0.005135696 -0.03269622 0.05485005 0.02845685 -0.00277849 0.03684199 0.03622191 0.005817636 0.05638906
-0.02678305 -0.06088842 -0.02246322 -0.04595901 0.03461232 -0.007568919 -0.03269749 0.01303483 0.0006749552 -0.03238048 -0.00635521 0.03033306
-0.04643947 -0.03530005 -0.04092703 0.04128385 0.004141595 -0.03815109 0.007786687 0.008276256 -0.0004546676 0.005675683 0.02872834 0.02944416
0.009531409 -0.01758289 0.0728441 0.04400055 -0.003446886 0.02717726 0.04455055 0.04212768 0.03921557 0.07435711 0.05127811 0.04165688
-0.03806831 0.02639116 0.002320996 -0.03466244 -0.007489187 -0.009356175 0.000125949 0.01246204 0.03684618 0.01602692 -0.01617684 0.02758452
0.05119529 0.01581695 -0.02200397 0.01105559 0.01219976 0.005156788 0.02045701 0.04673518 0.03437796 -0.001035096 0.02045437 0.03337707
-0.01759226 -0.07022084 -0.02407174 -0.01120257 -0.02148389 -0.02566876 0.006242773 0.00695711 -0.02199275 -0.0150793 -0.02315488 0.05431775
-0.05223345 -0.02992384 -0.01183438 -0.006413027 -0.01234882 0.0009783495 0.008151161 -0.007602951 -0.004792118 -0.02184216 0.03609218 0.04018822
0.01616463 0.007139741 0.02683087 0.01961585 0.0401285 0.03020894 0.02468164 0.03887868 0.04213031 0.09726696 0.07753985 0.05029607
-0.007341565 -0.01394673 -0.0171682 0.01003767 -0.003795719 -0.02397202 0.01105506 0.02086932 0.0435533 0.04121314 -0.006969677 0.03946689
-0.02719198 -0.0476398 -0.01780437 -0.02365269 -0.04019817 -0.02482702 -0.01441815 0.01238035 0.01294777 -0.03937294 -0.01317678 0.02673096
0.06370918 0.09636557 0.0907736 0.08443638 0.107536 0.1089051 0.1303345 0.1413088 0.09507497 0.1116366 0.1443888 0.1043352
0.02318707 -0.001426429 -0.002434046 0.02923051 0.02404008 0.02621161 0.05558199 0.01948683 0.02535627 0.04799313 -0.002453522 0.04560659
0.008493738 -0.0228349 0.01860796 0.02158554 0.03189436 0.03871829 0.01870274 0.0367036 0.07060035 0.01145003 0.04954563 0.06460219
-0.02067818 0.0003537623 0.0008425195 0.02927001 0.03031795 -0.003894618 0.0266973 0.06126342 -0.03069239 0.01871414 0.01719752 0.0298141
0.03477823 0.02006729 0.04952933 0.06139455 0.03055409 0.04941822 0.08355059 -0.0002059441 0.05691297 0.05619101 0.05624312 0.05170808
-0.005301463 0.01028238 0.01973612 0.004438906 0.01954426 0.037552 -0.03571972 0.03323461 0.02144592 0.02245372 -0.0008443955 0.04490739
0.000777088 -0.01237893 -0.02527245 0.001996223 0.02134708 -0.06804388 0.000362688 0.001439952 0.001114852 -0.02675259 0.00028857 0.01888241
0.01767746 -0.005731793 0.02270937 0.05578191 -0.03577971 0.02112634 0.02474934 0.03479961 0.008979121 0.03141388 0.03556562 0.05597047
-0.03792778 -0.03421565 0.002074745 -0.07351137 -0.02120158 -0.03744956 -0.02333419 -0.02640341 -0.01233113 -0.01204445 -0.01519329 0.02236949
-0.005638297 0.01158467 -0.06215699 -0.005623282 -0.01431785 -0.0115178 -0.01560614 0.01349806 0.02182521 0.0124862 0.0309586 0.02830164
0.001096313 -0.08703221 -0.02296327 -0.02654711 -0.02663468 -0.0460027 -0.01039962 0.005743502 -0.01012172 0.01151785 -0.01479243 0.02759356
-0.06058077 -0.009338874 -0.006780226 0.007466187 -0.01326401 0.009584129 0.0295644 0.02690728 0.04092054 0.00523166 0.03381287 0.05159336
0.007564687 -0.01120253 0.009782931 -0.006963803 0.01933314 0.01565378 0.02152646 0.04297666 0.02502378 0.04582249 0.04167388 0.01853327
0.03268798 0.0374047 0.02540927 0.06131821 0.06031442 0.05326299 0.08849067 0.08691596 0.1047775 0.1026295 0.06472681 0.07525196
0.02343545 0.0002718262 0.02718039 0.04742208 0.03015494 0.04863568 0.06257102 0.07790805 0.04471364 0.01296801 0.01415123 0.04589766
-0.02263634 -0.02237152 0.01062746 0.001205269 0.02596518 0.01453189 0.0333491 0.01571265 0.01745218 -0.008622387 0.01122184 0.03897865
-0.03467755 -0.0262819 -0.03680611 0.001945566 -0.009066982 -0.01173161 -0.0198404 -0.007603141 -0.04879405 -0.02215786 -0.02075443 0.004881415
0.01881228 -0.005082054 0.04014035 0.038189 0.03748801 0.01744479 0.0318882 -0.0006496438 0.02654117 0.0310032 0.03405893 0.04788417
-0.03090889 -0.006374353 -0.006340067 0.008486644 -0.01553364 -0.01558357 -0.04017224 -0.002362422 -0.008792327 -0.00736553 -0.01861456 0.0320418
7.738094E-05 -0.02484984 0.001114113 -0.01916161 -0.01467122 -0.05672671 -0.0208058 -0.009237338 0.01438776 -0.01209964 0.01694485 0.02777546
-0.009326386 -0.0006795712 -0.0133534 -0.001624625 -0.04664677 -0.02099045 -0.00162827 0.03547566 0.003876234 0.02872424 0.01688509 0.0498514
0.01182255 -0.02033519 -0.001977269 -0.03703653 -0.01488938 -0.01137717 0.03360977 0.01188753 0.03240044 0.01774776 0.02832417 0.04662805
-0.02805304 -0.03197113 -0.05748028 -0.03070332 -0.02281438 0.005254662 -0.008740342 0.02487956 0.02130578 0.01849978 0.01812985 0.05004686
-0.01952609 -0.06762936 -0.03074977 -0.01883447 0.009449792 -0.02332246 0.02057514 0.02402818 0.01457949 0.0153096 0.02614198 0.03334335
-0.04428883 -0.02868111 -0.005165698 0.02988558 -0.001158726 0.02672509 0.03965642 0.0372882 0.03759407 0.04629001 0.03505324 0.0490316
-0.0003723463 0.001362504 0.04173855 0.01917653 0.04651741 0.03837221 0.0498185 0.0535068 0.06032602 0.05442604 0.04434998 0.03879093
0.01831952 0.0387805 0.02028542 0.05703742 0.05028443 0.04292754 0.05938504 0.07389613 0.07398616 0.06106349 0.0378867 0.06012125
0.0591944 0.02641309 0.05985645 0.07125735 0.05848482 0.05738419 0.08479973 0.08691488 0.06581421 0.04327906 0.05316467 0.0731426
-0.004808047 0.006111935 0.02232291 0.02657464 0.02289083 0.02831229 0.04127817 0.03273242 0.01778889 0.007869287 0.01809316 0.06195781
0.003908093 -0.00626866 -0.001917124 0.007935789 0.01551549 0.006626431 0.007556227 0.00334 -0.008083066 -0.001293161 0.02324408 0.03441825
0.003335625 -0.0130765 0.0004530305 0.01878186 0.0114175 -0.000151016 0.0007468754 0.0007574984 -0.001063487 0.0280151 0.01798701 0.04792678
-0.006298833 -0.01095334 0.006802518 0.01484593 -0.0003410464 -0.009280591 -0.006195337 -0.0001951777 0.01031853 0.006525761 0.01471474 0.0425792
0.02693997 0.03047871 0.04289943 0.03795498 0.03103895 0.0226125 0.02894094 0.05152436 0.05815166 0.05865024 0.07075067 0.06462107
0.02492116 0.01942748 0.0155686 0.02109215 0.00990315 0.001733405 0.03520809 0.05455843 0.04474499 0.05709445 0.03683476 0.05335794
0.04728113 0.02984518 0.03219626 0.03518059 0.02802902 0.04999164 0.07531688 0.07854837 0.08158941 0.06262155 0.07302577 0.07124998
-0.04823344 -0.0675841 -0.06530535 -0.06120757 -0.04082938 -0.03663047 -0.02884504 -0.0113781 -0.041304 -0.035422 -0.05184862 0.006997969
-0.05923937 -0.07622028 -0.0667601 -0.04251897 -0.02894996 -0.03975909 -0.03029758 -0.04393272 -0.03300095 -0.04770381 -0.01350042 0.00139979
0.007112096 0.01382716 0.04028261 0.06472631 0.05427612 0.05703497 0.04420825 0.05775412 0.02799101 0.07276352 0.06583176 0.04748734
0.002033884 0.01076895 0.04198023 0.04218349 0.04230141 0.01021046 0.03721845 0.01749453 0.06306786 0.05046334 0.01601557 0.03638401
0.01065989 0.01955882 0.02399666 0.03313904 0.005448667 0.008824683 0.004491965 0.06246703 0.06565119 0.01888813 0.0271177 0.03992381
0.00853212 -0.005941303 0.00636695 -0.007675993 -0.008219518 -0.033621 0.03552035 0.05002643 -0.004278019 0.002369606 -0.003126694 0.02830002
0.01304494 0.01208274 -0.002983847 0.01386753 -0.01396374 0.04130015 0.05916644 0.01714855 0.01899745 0.008872081 0.02632573 0.0525356
0.02606608 -0.004780781 0.0144879 0.000740398 0.05543998 0.05871684 0.02170963 0.03630484 0.02481731 0.03649164 0.04728046 0.05795687
-0.04253218 -0.05389882 -0.05987472 0.002528451 0.006669919 -0.04612588 -0.02402761 -0.01818214 -0.01571275 -0.01056991 -0.01417423 0.0211779
-0.003945328 -0.02832285 0.03940125 0.05132613 -0.0001836336 0.009734227 0.02131557 0.03062241 0.02850234 0.0317962 0.05143767 0.03792287
-0.0364412 0.01035738 0.02740128 -0.01248209 -0.006030184 -0.01029965 0.004221084 0.01535555 0.008920202 0.03198331 -0.004598251 0.02325028
0.06887049 0.0762205 0.0289423 0.04767054 0.04612188 0.0482684 0.06046634 0.06305673 0.08766289 0.05345735 0.06447349 0.04999536
0.02100375 -0.03711443 -0.01347947 -0.002450226 -0.004933425 -0.01130388 -0.0004299268 0.03637014 0.001544648 0.0009237882 -0.02810334 0.04654174
-0.006188547 0.001532695 0.01284396 0.03005495 0.02362505 0.01792813 0.05893032 0.0394967 0.03273082 -0.008056084 0.06222634 0.06217926
0.001107284 -0.008269747 0.01268488 0.01441993 0.01049412 0.0351105 0.0232635 0.02988387 -0.00762465 0.05596476 0.04402335 0.03317526
-0.02704988 -0.03390397 -0.02774424 -0.02533982 0.001593078 -0.02653539 -0.01228861 -0.02924965 0.01795675 0.01557021 -0.01263921 0.01813107
-0.01503067 -0.01970051 -0.02081738 0.01627865 -0.01113265 -0.006540929 -0.02234424 0.02597416 0.003596014 -0.01250086 -0.003605081 0.01960878
-0.02649058 -0.04334778 0.004018326 -0.0137939 -0.00988478 -0.04241202 -0.001453 -0.01077402 -0.01437314 -0.01524451 -0.01654434 0.01939575
-0.0002441994 0.03471084 0.01885205 0.03675825 0.003450788 0.03082863 0.02420835 0.036423 0.04100304 0.03266633 0.04900848 0.04894471
0.04763686 0.01294703 0.03723023 0.01364659 0.03890273 0.01326751 0.03990718 0.0575825 0.05103131 0.06359203 0.04505126 0.05082177
0.06678495 0.08378361 0.04915407 0.09425219 0.07065602 0.09065094 0.1149622 0.1268058 0.1196425 0.101754 0.1104001 0.1008058
0.03550936 -0.008909721 0.03421606 0.02115054 0.03522122 0.04980601 0.0699008 0.07077368 0.03575921 0.0345265 0.02828898 0.05033089
-0.0598833 -0.05010888 -0.05473278 -0.03404061 -0.0130939 -0.01679605 -0.01129404 -0.02692584 -0.02511825 -0.03867447 -0.03107759 0.01086206
-0.01350436 -0.03056768 -0.01409095 0.01847379 0.01687756 0.00938994 -0.004939921 -0.001038445 -0.03870472 -0.008999146 0.0067832 0.003893969
-0.02116602 -0.01741867 0.02161051 0.03302268 0.02435905 -0.001306088 -1.662765E-05 -0.0271761 -0.0006185194 0.018686 -0.008399582 0.02696701
-0.01031493 0.01229919 0.02381894 0.03021647 0.002954994 -0.01053842 -0.03505679 0.005021518 0.02559644 -0.005410599 0.008317614 0.02380481
0.009041627 -0.0009503416 0.01665045 -0.004512011 -0.01722125 -0.05988085 -0.01645107 0.02467708 0.01280033 0.01156348 0.006543069 0.02754189
0.006424587 0.007645835 -0.01197312 -0.009948539 -0.05876201 -0.02821682 0.02052133 0.02508326 0.01211484 0.004215407 0.006416236 0.04088682
0.01332623 -0.02178942 -0.01500758 -0.05148286 -0.0237635 0.009371303 0.01809556 0.01918915 0.01671732 0.007632633 0.02335226 0.04743515
-0.0567381 -0.07702722 -0.106259 -0.07252561 -0.0364656 -0.0442946 -0.03894673 -0.02314245 -0.02995316 -0.02329824 -0.02075683 0.01990537
0.006813515 -0.0363516 0.00696204 0.04860458 0.04226829 0.03805498 0.05895709 0.05610511 0.05375056 0.05916959 0.087272 0.05457664
-0.07000045 -0.05353715 -0.002472906 -0.003289951 -0.009222439 -0.009245258 0.0008405059 0.008623225 0.004930806 0.03181533 -0.01912672 0.01644074
0.01610728 0.04934866 0.05127054 0.05067906 0.0587158 0.05188997 0.06702985 0.07061496 0.10628 0.05642467 0.07458218 0.03844399
0.01836994 0.006827849 0.00932652 0.02711096 0.015529 0.008292004 0.02647497 0.06430082 0.01205069 0.03034012 -0.02669629 0.02863964
0.0168086 0.003566315 0.02463939 0.03161978 0.02171734 0.01951813 0.06390718 0.0224679 0.04494368 -0.02454201 0.0174121 0.0569553
-0.01890083 -0.0191485 -0.007485633 -0.0009624494 -0.004415694 0.01634065 -0.01588844 0.01806255 -0.03815275 -0.01514854 0.002508871 0.03694248
0.04120368 0.03337885 0.04533635 0.05107988 0.07778763 0.02857051 0.07350653 0.03182968 0.05621888 0.07301845 0.09443534 0.07186394
0.02353884 0.01846031 0.02212133 0.06128619 0.008249928 0.04267586 0.01972144 0.04839874 0.03759348 0.06782347 0.0330786 0.06296197
