ts49 0.770444941341489 0.781980804725421 0.759284235302134 0.787665253072749 0.800446097281873 0.797307314741744
ts50 0.777943216292451 0.808466735539554 0.807817797334475 0.874126004125506 0.880560410366559 0.877658472735104
ts54 1475969372.89593 1506487791.83185 1517989824.75722 1501035158.69675 1466908281.23263 1477270274.87663
ts55 1386392397.65933 1458524015.22696 1486780398.82934 1498403152.25444 1455940343.24999 1459276807.82261
ts56 231.269830960765 163.697158822027 161.270991689262 233.963735820501 180.956763713868 232.890207070987
ts57 8919.66762849109 10343.2039879205 11069.9550315066 12002.7247260493 11236.8177327536 11302.3162717961
ts58 357.378801169909 376.647707216513 476.76861385974 390.767317504077 317.036936795192 286.256220875373
ts60 82643.7493651197 87168.6888525375 90831.6863769465 84400.4888495032 75935.18850573 86834.6029428152
ts65 11174.2135476261 11667.1098818407 12055.1115133479 12629.101099436 10977.5662880318 10238.3427118965
ts67 44190.7305544432 42236.4693790093 36351.521175652 33206.3476235381 29063.179134035 36141.2564637539
ts68 23543.4588933415 21812.9106878877 19242.878185364 18666.7903489819 17115.7488986342 17752.9558334091
ts69 22981.0285035504 21426.5547272431 19638.5609308817 18368.4409795765 16460.9190308193 16207.1747157634
ts70 111297509.100209 99092611.0468058 91382580.7761386 87883922.2125793 96751794.348828 88169127.9042705
ts71 8425386.41771366 8176967.33794463 7942478.18697902 6591449.90857872 5874972.27453279 5694212.68588873
ts72 23344924.1390896 22200295.0395675 21481145.1125649 22681794.0589762 22726157.613645 27526318.3759027
